Weak scaling
1
1	125000000	21.697625
1	250000000	38.521915
1	500000000	28.587219
1	1000000000	35.116893
1	2000000000	52.631888
2
2	125000000	22.420890
2	250000000	45.176547
2	500000000	27.261851
2	1000000000	37.601847
2	2000000000	49.438798
3
3	125000000	21.131519
3	250000000	39.118253
3	500000000	27.872478
3	1000000000	38.628338
3	2000000000	78.057667
Strong scaling
1
1	250000000	67.186729
1	250000000	61.488749
1	250000000	12.476698
1	250000000	7.973253
1	250000000	6.863656
2
2	250000000	82.055844
2	250000000	55.517416
2	250000000	11.699763
2	250000000	7.790409
2	250000000	6.285721
3
3	250000000	87.067801
3	250000000	47.793698
3	250000000	12.928344
3	250000000	7.633831
3	250000000	6.057885
